160
174.000000 38.000000 255 255 32 45 57.000000
171.000000 44.000000 255 255 32 45 57.000000
171.000000 51.000000 255 255 32 45 57.000000
171.000000 62.000000 255 255 32 45 57.000000
171.000000 72.000000 255 255 32 45 57.000000
171.000000 87.000000 255 255 32 45 57.000000
171.000000 100.000000 255 255 32 45 57.000000
167.000000 121.000000 255 255 32 45 57.000000
165.000000 139.000000 255 255 32 45 57.000000
161.000000 160.000000 255 255 32 45 57.000000
159.000000 173.000000 255 255 32 45 57.000000
157.000000 194.000000 255 255 32 45 57.000000
157.000000 213.000000 255 255 32 45 57.000000
157.000000 230.000000 255 255 32 45 57.000000
157.000000 249.000000 255 255 32 45 57.000000
157.000000 268.000000 255 255 32 45 57.000000
157.000000 285.000000 255 255 32 45 57.000000
157.000000 301.000000 255 255 32 45 57.000000
157.000000 318.000000 255 255 32 45 57.000000
157.000000 332.000000 255 255 32 45 57.000000
157.000000 347.000000 255 255 32 45 57.000000
157.000000 361.000000 255 255 32 45 57.000000
157.000000 375.000000 255 255 32 45 57.000000
157.000000 385.000000 255 255 32 45 57.000000
157.000000 396.000000 255 255 32 45 57.000000
157.000000 403.000000 255 255 32 45 57.000000
157.000000 408.000000 255 255 32 45 57.000000
157.000000 413.000000 255 255 32 45 57.000000
157.000000 415.000000 255 255 32 45 57.000000
156.000000 415.000000 255 255 32 45 57.000000
156.000000 414.000000 255 255 32 45 57.000000
0.000000 0.000000 255 255 32 45 57.000000
337.000000 75.000000 255 255 32 45 57.000000
335.000000 84.000000 255 255 32 45 57.000000
334.000000 97.000000 255 255 32 45 57.000000
325.000000 123.000000 255 255 32 45 57.000000
315.000000 158.000000 255 255 32 45 57.000000
299.000000 215.000000 255 255 32 45 57.000000
285.000000 269.000000 255 255 32 45 57.000000
268.000000 326.000000 255 255 32 45 57.000000
257.000000 369.000000 255 255 32 45 57.000000
250.000000 406.000000 255 255 32 45 57.000000
245.000000 437.000000 255 255 32 45 57.000000
243.000000 453.000000 255 255 32 45 57.000000
243.000000 462.000000 255 255 32 45 57.000000
243.000000 468.000000 255 255 32 45 57.000000
243.000000 470.000000 255 255 32 45 57.000000
243.000000 474.000000 255 255 32 45 57.000000
243.000000 477.000000 255 255 32 45 57.000000
243.000000 478.000000 255 255 32 45 57.000000
243.000000 481.000000 255 255 32 45 57.000000
243.000000 483.000000 255 255 32 45 57.000000
243.000000 484.000000 255 255 32 45 57.000000
243.000000 481.000000 255 255 32 45 57.000000
245.000000 474.000000 255 255 32 45 57.000000
251.000000 464.000000 255 255 32 45 57.000000
0.000000 0.000000 255 255 32 45 57.000000
87.000000 21.000000 255 60 125 255 57.000000
90.000000 21.000000 255 60 125 255 57.000000
94.000000 22.000000 255 60 125 255 57.000000
98.000000 22.000000 255 60 125 255 57.000000
134.000000 22.000000 255 60 125 255 57.000000
164.000000 22.000000 255 60 125 255 57.000000
213.000000 22.000000 255 60 125 255 57.000000
267.000000 22.000000 255 60 125 255 57.000000
332.000000 22.000000 255 60 125 255 57.000000
399.000000 22.000000 255 60 125 255 57.000000
454.000000 22.000000 255 60 125 255 57.000000
502.000000 22.000000 255 60 125 255 57.000000
546.000000 24.000000 255 60 125 255 57.000000
577.000000 27.000000 255 60 125 255 57.000000
589.000000 28.000000 255 60 125 255 57.000000
596.000000 30.000000 255 60 125 255 57.000000
599.000000 30.000000 255 60 125 255 57.000000
598.000000 30.000000 255 60 125 255 57.000000
0.000000 0.000000 255 60 125 255 57.000000
87.000000 452.000000 255 60 125 255 57.000000
90.000000 452.000000 255 60 125 255 57.000000
95.000000 452.000000 255 60 125 255 57.000000
99.000000 452.000000 255 60 125 255 57.000000
133.000000 455.000000 255 60 125 255 57.000000
154.000000 459.000000 255 60 125 255 57.000000
199.000000 466.000000 255 60 125 255 57.000000
254.000000 470.000000 255 60 125 255 57.000000
319.000000 472.000000 255 60 125 255 57.000000
383.000000 483.000000 255 60 125 255 57.000000
449.000000 489.000000 255 60 125 255 57.000000
503.000000 489.000000 255 60 125 255 57.000000
544.000000 491.000000 255 60 125 255 57.000000
567.000000 494.000000 255 60 125 255 57.000000
576.000000 495.000000 255 60 125 255 57.000000
580.000000 495.000000 255 60 125 255 57.000000
581.000000 495.000000 255 60 125 255 57.000000
584.000000 493.000000 255 60 125 255 57.000000
0.000000 0.000000 255 60 125 255 57.000000
65.000000 157.000000 255 120 255 190 21.000000
65.000000 164.000000 255 120 255 190 21.000000
68.000000 178.000000 255 120 255 190 21.000000
72.000000 191.000000 255 120 255 190 21.000000
72.000000 205.000000 255 120 255 190 21.000000
74.000000 214.000000 255 120 255 190 21.000000
75.000000 231.000000 255 120 255 190 21.000000
75.000000 253.000000 255 120 255 190 21.000000
75.000000 277.000000 255 120 255 190 21.000000
75.000000 307.000000 255 120 255 190 21.000000
75.000000 350.000000 255 120 255 190 21.000000
75.000000 367.000000 255 120 255 190 21.000000
75.000000 380.000000 255 120 255 190 21.000000
75.000000 390.000000 255 120 255 190 21.000000
75.000000 394.000000 255 120 255 190 21.000000
74.000000 395.000000 255 120 255 190 21.000000
74.000000 393.000000 255 120 255 190 21.000000
0.000000 0.000000 255 120 255 190 21.000000
486.000000 71.000000 255 120 255 190 21.000000
486.000000 87.000000 255 120 255 190 21.000000
482.000000 105.000000 255 120 255 190 21.000000
477.000000 126.000000 255 120 255 190 21.000000
472.000000 171.000000 255 120 255 190 21.000000
466.000000 216.000000 255 120 255 190 21.000000
453.000000 264.000000 255 120 255 190 21.000000
437.000000 318.000000 255 120 255 190 21.000000
425.000000 369.000000 255 120 255 190 21.000000
420.000000 406.000000 255 120 255 190 21.000000
418.000000 426.000000 255 120 255 190 21.000000
416.000000 436.000000 255 120 255 190 21.000000
415.000000 441.000000 255 120 255 190 21.000000
415.000000 443.000000 255 120 255 190 21.000000
415.000000 445.000000 255 120 255 190 21.000000
414.000000 445.000000 255 120 255 190 21.000000
414.000000 443.000000 255 120 255 190 21.000000
0.000000 0.000000 255 120 255 190 21.000000
575.000000 95.000000 255 255 23 94 96.000000
572.000000 101.000000 255 255 23 94 96.000000
569.000000 109.000000 255 255 23 94 96.000000
566.000000 115.000000 255 255 23 94 96.000000
561.000000 125.000000 255 255 23 94 96.000000
557.000000 137.000000 255 255 23 94 96.000000
551.000000 149.000000 255 255 23 94 96.000000
544.000000 166.000000 255 255 23 94 96.000000
535.000000 186.000000 255 255 23 94 96.000000
526.000000 209.000000 255 255 23 94 96.000000
518.000000 226.000000 255 255 23 94 96.000000
512.000000 239.000000 255 255 23 94 96.000000
508.000000 250.000000 255 255 23 94 96.000000
504.000000 261.000000 255 255 23 94 96.000000
499.000000 269.000000 255 255 23 94 96.000000
496.000000 278.000000 255 255 23 94 96.000000
493.000000 286.000000 255 255 23 94 96.000000
489.000000 293.000000 255 255 23 94 96.000000
487.000000 303.000000 255 255 23 94 96.000000
483.000000 311.000000 255 255 23 94 96.000000
483.000000 316.000000 255 255 23 94 96.000000
481.000000 323.000000 255 255 23 94 96.000000
480.000000 327.000000 255 255 23 94 96.000000
478.000000 330.000000 255 255 23 94 96.000000
477.000000 331.000000 255 255 23 94 96.000000
477.000000 332.000000 255 255 23 94 96.000000
477.000000 333.000000 255 255 23 94 96.000000
476.000000 333.000000 255 255 23 94 96.000000
0.000000 0.000000 255 255 23 94 96.000000
